TotalEntityCount= 514 WorldWidth= 3648 WorldHeight= 1792 GridWidth= 64 GridHeight= 64

Player= 1 Ground= 429 StaticEnemy= 6 StaticEnemyS= 9 DynamicEnemy= 11 InvisibleEnemy= 9 Infilator= 3 Defilator= 1 CheckPoint= 2 BouncyPad= 2 Coin= 40 EndGameMarker= 1

Player 56 128 1472
Ground 7 0 384
Ground 32 64 384
Ground 32 128 384
Ground 32 192 384
Ground 32 256 384
Ground 32 320 384
Ground 32 384 384
Ground 32 448 384
Ground 32 512 384
Ground 32 576 384
Ground 32 640 384
Ground 32 704 384
Ground 32 768 384
Ground 32 832 384
Ground 32 896 384
Ground 32 960 384
Ground 21 0 448
Ground 21 0 512
Ground 21 0 576
Ground 21 0 640
Ground 21 0 704
Ground 21 0 768
Ground 21 0 832
Ground 21 0 896
Ground 21 0 960
Ground 1 64 960
Ground 3 128 960
Ground 32 1024 384
Ground 32 1088 384
Ground 32 1152 384
Ground 32 1216 384
Ground 32 1280 384
Ground 32 1344 384
Ground 32 1408 384
Ground 32 1472 384
Ground 32 1536 384
Ground 32 1600 384
Ground 32 1664 384
Ground 32 1728 384
Ground 32 1792 384
Ground 32 1856 384
Ground 32 1920 384
Ground 32 1984 384
Ground 1 1024 960
Ground 2 1088 960
Ground 3 1152 960
Ground 1 1280 960
Ground 2 1344 960
Ground 2 1408 960
Ground 2 1472 960
Ground 3 1536 960
Ground 37 1728 960
Ground 39 1792 960
Ground 32 2048 384
Ground 32 2112 384
Ground 32 2176 384
Ground 32 2240 384
Ground 32 2304 384
Ground 32 2368 384
Ground 32 2432 384
Ground 32 2496 384
Ground 32 2560 384
Ground 32 2624 384
Ground 32 2688 384
Ground 32 2752 384
Ground 32 2816 384
Ground 32 2880 384
Ground 32 2944 384
Ground 32 3008 384
Ground 37 2048 960
Ground 39 2112 960
Ground 37 2368 960
Ground 39 2432 960
Ground 1 2560 960
Ground 2 2624 960
Ground 2 2688 960
Ground 2 2752 960
Ground 2 2816 960
Ground 3 2880 960
Ground 1 3008 960
Ground 32 3072 384
Ground 32 3136 384
Ground 32 3200 384
Ground 32 3264 384
Ground 32 3328 384
Ground 32 3392 384
Ground 32 3456 384
Ground 32 3520 384
Ground 9 3584 384
Ground 19 3584 448
Ground 19 3584 512
Ground 19 3584 576
Ground 19 3584 640
Ground 19 3584 704
Ground 19 3584 768
Ground 19 3584 832
Ground 19 3584 896
Ground 2 3072 960
Ground 2 3136 960
Ground 2 3200 960
Ground 2 3264 960
Ground 3 3328 960
Ground 19 3584 960
Ground 21 0 1024
Ground 13 64 1024
Ground 16 128 1024
Ground 1 960 1024
Ground 21 0 1088
Ground 13 64 1088
Ground 16 128 1088
Ground 1 896 1088
Ground 16 960 1088
Ground 21 0 1152
Ground 13 64 1152
Ground 28 128 1152
Ground 29 192 1152
Ground 29 256 1152
Ground 29 320 1152
Ground 29 384 1152
Ground 3 448 1152
Ground 37 704 1152
Ground 38 768 1152
Ground 38 832 1152
Ground 13 896 1152
Ground 28 960 1152
Ground 21 0 1216
Ground 25 64 1216
Ground 26 128 1216
Ground 26 192 1216
Ground 26 256 1216
Ground 26 320 1216
Ground 26 384 1216
Ground 27 448 1216
Ground 25 896 1216
Ground 26 960 1216
Ground 21 0 1280
Ground 21 0 1344
Ground 21 0 1408
Ground 1 384 1408
Ground 2 448 1408
Ground 2 512 1408
Ground 2 576 1408
Ground 3 640 1408
Ground 21 0 1472
Ground 1 320 1472
Ground 14 384 1472
Ground 14 448 1472
Ground 14 512 1472
Ground 14 576 1472
Ground 15 640 1472
Ground 1 0 1536
Ground 2 64 1536
Ground 2 128 1536
Ground 2 192 1536
Ground 2 256 1536
Ground 14 320 1536
Ground 14 384 1536
Ground 14 448 1536
Ground 14 512 1536
Ground 14 576 1536
Ground 15 640 1536
Ground 13 0 1600
Ground 14 64 1600
Ground 14 128 1600
Ground 14 192 1600
Ground 14 256 1600
Ground 14 320 1600
Ground 14 384 1600
Ground 14 448 1600
Ground 14 512 1600
Ground 14 576 1600
Ground 28 640 1600
Ground 2 704 1600
Ground 2 768 1600
Ground 2 832 1600
Ground 2 896 1600
Ground 2 960 1600
Ground 13 0 1664
Ground 14 64 1664
Ground 14 128 1664
Ground 14 192 1664
Ground 14 256 1664
Ground 14 320 1664
Ground 14 384 1664
Ground 14 448 1664
Ground 14 512 1664
Ground 14 576 1664
Ground 14 640 1664
Ground 14 704 1664
Ground 14 768 1664
Ground 14 832 1664
Ground 14 896 1664
Ground 14 960 1664
Ground 31 0 1728
Ground 8 64 1728
Ground 8 128 1728
Ground 8 192 1728
Ground 8 256 1728
Ground 8 320 1728
Ground 8 384 1728
Ground 8 448 1728
Ground 8 512 1728
Ground 8 576 1728
Ground 8 640 1728
Ground 8 704 1728
Ground 8 768 1728
Ground 8 832 1728
Ground 8 896 1728
Ground 8 960 1728
Ground 5 1024 1024
Ground 5 1088 1024
Ground 27 1152 1024
Ground 25 1280 1024
Ground 5 1344 1024
Ground 6 1408 1024
Ground 7 1472 1024
Ground 9 1536 1024
Ground 16 1408 1088
Ground 19 1472 1088
Ground 21 1536 1088
Ground 41 1600 1088
Ground 41 1664 1088
Ground 41 1728 1088
Ground 41 1792 1088
Ground 41 1856 1088
Ground 41 1920 1088
Ground 41 1984 1088
Ground 29 1024 1152
Ground 29 1088 1152
Ground 29 1216 1152
Ground 29 1280 1152
Ground 29 1344 1152
Ground 3 1408 1152
Ground 19 1472 1152
Ground 21 1536 1152
Ground 26 1024 1216
Ground 26 1088 1216
Ground 26 1152 1216
Ground 26 1216 1216
Ground 26 1280 1216
Ground 26 1344 1216
Ground 27 1408 1216
Ground 19 1472 1216
Ground 21 1536 1216
Ground 19 1472 1280
Ground 21 1536 1280
Ground 19 1472 1344
Ground 21 1536 1344
Ground 41 1600 1344
Ground 41 1664 1344
Ground 41 1856 1344
Ground 41 1920 1344
Ground 41 1984 1344
Ground 19 1472 1408
Ground 21 1536 1408
Ground 1 1152 1472
Ground 2 1216 1472
Ground 3 1280 1472
Ground 19 1472 1472
Ground 21 1536 1472
Ground 1 1088 1536
Ground 14 1152 1536
Ground 14 1216 1536
Ground 14 1280 1536
Ground 3 1344 1536
Ground 19 1472 1536
Ground 21 1536 1536
Ground 2 1024 1600
Ground 30 1088 1600
Ground 14 1152 1600
Ground 14 1216 1600
Ground 14 1280 1600
Ground 28 1344 1600
Ground 2 1408 1600
Ground 19 1472 1600
Ground 21 1536 1600
Ground 14 1024 1664
Ground 14 1088 1664
Ground 14 1152 1664
Ground 14 1216 1664
Ground 14 1280 1664
Ground 14 1344 1664
Ground 14 1408 1664
Ground 31 1472 1664
Ground 33 1536 1664
Ground 8 1024 1728
Ground 8 1088 1728
Ground 8 1152 1728
Ground 8 1216 1728
Ground 8 1280 1728
Ground 8 1344 1728
Ground 8 1408 1728
Ground 8 1472 1728
Ground 8 1536 1728
Ground 8 1600 1728
Ground 8 1664 1728
Ground 8 1728 1728
Ground 8 1792 1728
Ground 8 1856 1728
Ground 8 1920 1728
Ground 8 1984 1728
Ground 25 2560 1024
Ground 6 2624 1024
Ground 14 2688 1024
Ground 14 2752 1024
Ground 14 2816 1024
Ground 15 2880 1024
Ground 13 3008 1024
Ground 41 2048 1088
Ground 41 2112 1088
Ground 41 2176 1088
Ground 41 2240 1088
Ground 41 2304 1088
Ground 41 2368 1088
Ground 41 2432 1088
Ground 41 2496 1088
Ground 42 2560 1088
Ground 25 2624 1088
Ground 26 2688 1088
Ground 5 2752 1088
Ground 5 2816 1088
Ground 27 2880 1088
Ground 25 3008 1088
Ground 7 3008 1152
Ground 19 3008 1216
Ground 7 2880 1280
Ground 9 2944 1280
Ground 19 3008 1280
Ground 40 2112 1344
Ground 41 2176 1344
Ground 42 2240 1344
Ground 41 2432 1344
Ground 7 2624 1344
Ground 9 2688 1344
Ground 31 2880 1344
Ground 33 2944 1344
Ground 19 3008 1344
Ground 31 2624 1408
Ground 33 2688 1408
Ground 19 3008 1408
Ground 31 3008 1472
Ground 7 2432 1600
Ground 9 2496 1600
Ground 7 2752 1600
Ground 9 2816 1600
Ground 7 3008 1600
Ground 31 2432 1664
Ground 33 2496 1664
Ground 31 2752 1664
Ground 33 2816 1664
Ground 31 3008 1664
Ground 8 2048 1728
Ground 8 2112 1728
Ground 8 2176 1728
Ground 8 2240 1728
Ground 8 2304 1728
Ground 8 2368 1728
Ground 8 2432 1728
Ground 8 2496 1728
Ground 8 2560 1728
Ground 8 2624 1728
Ground 8 2688 1728
Ground 8 2752 1728
Ground 8 2816 1728
Ground 8 2880 1728
Ground 8 2944 1728
Ground 8 3008 1728
Ground 14 3072 1024
Ground 14 3136 1024
Ground 14 3200 1024
Ground 4 3264 1024
Ground 27 3328 1024
Ground 19 3584 1024
Ground 5 3072 1088
Ground 5 3136 1088
Ground 5 3200 1088
Ground 27 3264 1088
Ground 19 3584 1088
Ground 8 3072 1152
Ground 8 3136 1152
Ground 8 3200 1152
Ground 8 3264 1152
Ground 8 3328 1152
Ground 8 3392 1152
Ground 8 3456 1152
Ground 9 3520 1152
Ground 19 3584 1152
Ground 21 3520 1216
Ground 19 3584 1216
Ground 7 3136 1280
Ground 8 3200 1280
Ground 9 3264 1280
Ground 21 3520 1280
Ground 19 3584 1280
Ground 31 3136 1344
Ground 32 3200 1344
Ground 33 3264 1344
Ground 41 3392 1344
Ground 21 3520 1344
Ground 19 3584 1344
Ground 21 3520 1408
Ground 19 3584 1408
Ground 21 3520 1472
Ground 19 3584 1472
Ground 21 3520 1536
Ground 19 3584 1536
Ground 9 3072 1600
Ground 8 3200 1600
Ground 8 3264 1600
Ground 9 3328 1600
Ground 7 3456 1600
Ground 9 3520 1600
Ground 19 3584 1600
Ground 33 3072 1664
Ground 8 3200 1664
Ground 8 3264 1664
Ground 8 3328 1664
Ground 31 3456 1664
Ground 33 3520 1664
Ground 19 3584 1664
Ground 8 3072 1728
Ground 8 3136 1728
Ground 8 3200 1728
Ground 8 3264 1728
Ground 8 3328 1728
Ground 8 3392 1728
Ground 8 3456 1728
Ground 8 3520 1728
Ground 33 3584 1728
StaticEnemy 43 192 1088
StaticEnemy 43 256 1472
StaticEnemy 43 1344 1088
StaticEnemy 43 1920 1280
StaticEnemy 43 1280 1408
StaticEnemy 43 2176 1280
StaticEnemyS 44 704 1536
StaticEnemyS 44 1344 1472
StaticEnemyS 44 2304 1664
StaticEnemyS 44 2368 1664
StaticEnemyS 44 2560 1664
StaticEnemyS 44 2624 1664
StaticEnemyS 44 2688 1664
StaticEnemyS 44 3136 1664
StaticEnemyS 44 3392 1664
DynamicEnemy 45 1600 832
DynamicEnemy 45 1216 896
DynamicEnemy 45 1920 896
DynamicEnemy 45 2240 896
DynamicEnemy 45 576 1088
DynamicEnemy 45 1728 1536
DynamicEnemy 45 1792 1536
DynamicEnemy 45 1856 1536
DynamicEnemy 45 2048 1536
DynamicEnemy 45 2112 1536
DynamicEnemy 45 2176 1536
InvisibleEnemy 55 1600 1024
InvisibleEnemy 55 1664 1024
InvisibleEnemy 55 1856 1024
InvisibleEnemy 55 1920 1024
InvisibleEnemy 55 1984 1024
InvisibleEnemy 55 2176 1024
InvisibleEnemy 55 2240 1024
InvisibleEnemy 55 2304 1024
InvisibleEnemy 55 2496 1024
Infilator 46 1408 1536
Infilator 46 1600 1664
Infilator 46 3264 1536
Defilator 47 1152 1152
CheckPoint 48 2560 896
CheckPoint 48 832 1088
BouncyPad 49 896 1536
BouncyPad 49 2944 1216
Coin 51 1216 832
Coin 51 1920 832
Coin 51 2240 832
Coin 51 2752 896
Coin 51 3136 896
Coin 51 192 1024
Coin 51 256 1088
Coin 51 320 1088
Coin 51 384 1088
Coin 51 896 1280
Coin 51 960 1280
Coin 51 384 1344
Coin 51 1024 1088
Coin 51 1088 1088
Coin 51 1152 1088
Coin 51 1600 1216
Coin 51 1664 1216
Coin 51 1856 1216
Coin 51 1920 1216
Coin 51 1984 1216
Coin 51 1408 1280
Coin 51 1600 1280
Coin 51 1664 1280
Coin 51 1856 1280
Coin 51 1984 1280
Coin 51 1600 1536
Coin 51 1664 1536
Coin 51 1920 1536
Coin 51 1984 1536
Coin 51 2112 1216
Coin 51 2176 1216
Coin 51 2240 1216
Coin 51 2112 1280
Coin 51 2240 1280
Coin 51 3136 1216
Coin 51 3200 1216
Coin 51 3264 1216
Coin 51 3328 1216
Coin 51 3392 1216
Coin 51 3264 1408
EndGameMarker 57 64 896
