TotalEntityCount= 545 WorldWidth= 6656 WorldHeight= 1600 GridWidth= 64 GridHeight= 64

Player= 1 Ground= 489 StaticEnemy= 6 StaticEnemyS= 6 DynamicEnemy= 8 InvisibleEnemy= 0 Infilator= 2 Defilator= 4 CheckPoint= 1 BouncyPad= 0 Coin= 27 EndGameMarker= 1

Player 56 320 1216
Ground 20 5056 192
Ground 20 5056 256
Ground 20 5056 320
Ground 20 5056 384
Ground 20 5056 448
Ground 20 5056 512
Ground 20 5056 576
Ground 20 5056 640
Ground 20 5056 704
Ground 20 5056 768
Ground 20 5056 832
Ground 20 5056 896
Ground 20 5056 960
Ground 10 5120 192
Ground 32 5184 192
Ground 32 5248 192
Ground 32 5312 192
Ground 32 5376 192
Ground 32 5440 192
Ground 32 5504 192
Ground 32 5568 192
Ground 32 5632 192
Ground 32 5696 192
Ground 32 5760 192
Ground 32 5824 192
Ground 32 5888 192
Ground 32 5952 192
Ground 32 6016 192
Ground 32 6080 192
Ground 21 5120 256
Ground 21 5120 320
Ground 21 5120 384
Ground 21 5120 448
Ground 41 5184 448
Ground 41 5248 448
Ground 41 5312 448
Ground 41 5376 448
Ground 41 5440 448
Ground 41 5504 448
Ground 41 5568 448
Ground 41 5632 448
Ground 41 5696 448
Ground 41 5760 448
Ground 41 5824 448
Ground 41 5888 448
Ground 41 5952 448
Ground 41 6016 448
Ground 41 6080 448
Ground 21 5120 512
Ground 21 5120 576
Ground 21 5120 640
Ground 40 5312 640
Ground 41 5376 640
Ground 41 5440 640
Ground 41 5504 640
Ground 41 5568 640
Ground 41 5632 640
Ground 41 5696 640
Ground 41 5760 640
Ground 41 5824 640
Ground 41 5888 640
Ground 41 5952 640
Ground 41 6016 640
Ground 41 6080 640
Ground 21 5120 704
Ground 21 5120 768
Ground 21 5120 832
Ground 41 5184 832
Ground 41 5248 832
Ground 42 5312 832
Ground 40 5696 832
Ground 42 5760 832
Ground 40 5952 832
Ground 42 6016 832
Ground 21 5120 896
Ground 40 5632 896
Ground 42 5696 896
Ground 40 6016 896
Ground 42 6080 896
Ground 21 5120 960
Ground 40 5568 960
Ground 42 5632 960
Ground 40 6080 960
Ground 32 6144 192
Ground 32 6208 192
Ground 32 6272 192
Ground 32 6336 192
Ground 32 6400 192
Ground 32 6464 192
Ground 12 6528 192
Ground 20 6592 192
Ground 19 6528 256
Ground 20 6592 256
Ground 40 6272 320
Ground 41 6336 320
Ground 41 6400 320
Ground 41 6464 320
Ground 19 6528 320
Ground 20 6592 320
Ground 19 6528 384
Ground 20 6592 384
Ground 42 6144 448
Ground 19 6528 448
Ground 20 6592 448
Ground 19 6528 512
Ground 20 6592 512
Ground 19 6528 576
Ground 20 6592 576
Ground 41 6144 640
Ground 41 6208 640
Ground 41 6272 640
Ground 41 6336 640
Ground 41 6400 640
Ground 41 6464 640
Ground 19 6528 640
Ground 20 6592 640
Ground 19 6528 704
Ground 20 6592 704
Ground 19 6528 768
Ground 20 6592 768
Ground 19 6528 832
Ground 20 6592 832
Ground 19 6528 896
Ground 20 6592 896
Ground 42 6144 960
Ground 19 6528 960
Ground 20 6592 960
Ground 20 0 1088
Ground 10 64 1088
Ground 32 128 1088
Ground 32 192 1088
Ground 32 256 1088
Ground 32 320 1088
Ground 32 384 1088
Ground 32 448 1088
Ground 32 512 1088
Ground 32 576 1088
Ground 32 640 1088
Ground 32 704 1088
Ground 32 768 1088
Ground 32 832 1088
Ground 32 896 1088
Ground 32 960 1088
Ground 20 0 1152
Ground 21 64 1152
Ground 20 0 1216
Ground 21 64 1216
Ground 20 0 1280
Ground 21 64 1280
Ground 20 0 1344
Ground 21 64 1344
Ground 7 704 1344
Ground 8 768 1344
Ground 8 832 1344
Ground 8 896 1344
Ground 8 960 1344
Ground 20 0 1408
Ground 21 64 1408
Ground 19 704 1408
Ground 21 768 1408
Ground 20 0 1472
Ground 21 64 1472
Ground 19 704 1472
Ground 21 768 1472
Ground 20 0 1536
Ground 34 64 1536
Ground 8 128 1536
Ground 8 192 1536
Ground 8 256 1536
Ground 8 320 1536
Ground 8 384 1536
Ground 8 448 1536
Ground 8 512 1536
Ground 8 576 1536
Ground 8 640 1536
Ground 36 704 1536
Ground 34 768 1536
Ground 8 832 1536
Ground 8 896 1536
Ground 8 960 1536
Ground 32 1024 1088
Ground 32 1088 1088
Ground 32 1152 1088
Ground 32 1216 1088
Ground 32 1280 1088
Ground 12 1344 1088
Ground 10 1408 1088
Ground 32 1472 1088
Ground 32 1536 1088
Ground 32 1600 1088
Ground 32 1664 1088
Ground 32 1728 1088
Ground 32 1792 1088
Ground 12 1856 1088
Ground 10 1920 1088
Ground 32 1984 1088
Ground 19 1344 1152
Ground 21 1408 1152
Ground 19 1856 1152
Ground 21 1920 1152
Ground 19 1344 1216
Ground 21 1408 1216
Ground 19 1856 1216
Ground 21 1920 1216
Ground 19 1344 1280
Ground 21 1408 1280
Ground 31 1856 1280
Ground 33 1920 1280
Ground 8 1024 1344
Ground 8 1088 1344
Ground 9 1152 1344
Ground 31 1344 1344
Ground 33 1408 1344
Ground 7 1600 1344
Ground 9 1664 1344
Ground 32 1088 1408
Ground 33 1152 1408
Ground 19 1600 1408
Ground 21 1664 1408
Ground 19 1600 1472
Ground 21 1664 1472
Ground 8 1024 1536
Ground 8 1088 1536
Ground 8 1152 1536
Ground 8 1216 1536
Ground 8 1280 1536
Ground 8 1344 1536
Ground 8 1408 1536
Ground 8 1472 1536
Ground 8 1536 1536
Ground 36 1600 1536
Ground 34 1664 1536
Ground 8 1728 1536
Ground 8 1792 1536
Ground 8 1856 1536
Ground 8 1920 1536
Ground 8 1984 1536
Ground 32 2048 1088
Ground 32 2112 1088
Ground 32 2176 1088
Ground 32 2240 1088
Ground 32 2304 1088
Ground 32 2368 1088
Ground 32 2432 1088
Ground 32 2496 1088
Ground 32 2560 1088
Ground 32 2624 1088
Ground 32 2688 1088
Ground 32 2752 1088
Ground 32 2816 1088
Ground 32 2880 1088
Ground 32 2944 1088
Ground 32 3008 1088
Ground 7 2112 1280
Ground 9 2176 1280
Ground 19 2112 1344
Ground 21 2176 1344
Ground 19 2112 1408
Ground 21 2176 1408
Ground 19 2112 1472
Ground 21 2176 1472
Ground 8 2048 1536
Ground 36 2112 1536
Ground 34 2176 1536
Ground 8 2240 1536
Ground 8 2304 1536
Ground 8 2368 1536
Ground 8 2432 1536
Ground 8 2496 1536
Ground 8 2560 1536
Ground 8 2624 1536
Ground 8 2688 1536
Ground 8 2752 1536
Ground 8 2816 1536
Ground 8 2880 1536
Ground 8 2944 1536
Ground 8 3008 1536
Ground 32 3072 1088
Ground 32 3136 1088
Ground 12 3200 1088
Ground 10 3264 1088
Ground 32 3328 1088
Ground 32 3392 1088
Ground 32 3456 1088
Ground 32 3520 1088
Ground 32 3584 1088
Ground 32 3648 1088
Ground 32 3712 1088
Ground 32 3776 1088
Ground 32 3840 1088
Ground 32 3904 1088
Ground 32 3968 1088
Ground 32 4032 1088
Ground 19 3200 1152
Ground 21 3264 1152
Ground 19 3200 1216
Ground 21 3264 1216
Ground 19 3200 1280
Ground 21 3264 1280
Ground 7 3776 1280
Ground 9 3840 1280
Ground 31 3200 1344
Ground 33 3264 1344
Ground 7 3712 1344
Ground 20 3776 1344
Ground 20 3840 1344
Ground 9 3904 1344
Ground 7 3648 1408
Ground 20 3712 1408
Ground 20 3776 1408
Ground 20 3840 1408
Ground 20 3904 1408
Ground 9 3968 1408
Ground 7 3584 1472
Ground 20 3648 1472
Ground 20 3712 1472
Ground 20 3776 1472
Ground 20 3840 1472
Ground 20 3904 1472
Ground 20 3968 1472
Ground 9 4032 1472
Ground 8 3072 1536
Ground 8 3136 1536
Ground 8 3200 1536
Ground 8 3264 1536
Ground 8 3328 1536
Ground 8 3392 1536
Ground 8 3456 1536
Ground 8 3520 1536
Ground 36 3584 1536
Ground 20 3648 1536
Ground 20 3712 1536
Ground 20 3776 1536
Ground 20 3840 1536
Ground 20 3904 1536
Ground 20 3968 1536
Ground 34 4032 1536
Ground 20 5056 1024
Ground 32 4096 1088
Ground 32 4160 1088
Ground 32 4224 1088
Ground 12 4288 1088
Ground 10 4352 1088
Ground 32 4416 1088
Ground 32 4480 1088
Ground 32 4544 1088
Ground 32 4608 1088
Ground 32 4672 1088
Ground 32 4736 1088
Ground 32 4800 1088
Ground 32 4864 1088
Ground 32 4928 1088
Ground 32 4992 1088
Ground 32 5056 1088
Ground 19 4288 1152
Ground 21 4352 1152
Ground 19 4736 1152
Ground 21 4800 1152
Ground 19 4288 1216
Ground 21 4352 1216
Ground 31 4736 1216
Ground 33 4800 1216
Ground 19 4288 1280
Ground 21 4352 1280
Ground 31 4288 1344
Ground 33 4352 1344
Ground 7 4736 1408
Ground 9 4800 1408
Ground 19 4736 1472
Ground 21 4800 1472
Ground 8 4096 1536
Ground 8 4160 1536
Ground 8 4224 1536
Ground 8 4288 1536
Ground 8 4352 1536
Ground 8 4416 1536
Ground 8 4480 1536
Ground 8 4544 1536
Ground 8 4608 1536
Ground 8 4672 1536
Ground 36 4736 1536
Ground 34 4800 1536
Ground 8 4864 1536
Ground 8 4928 1536
Ground 8 4992 1536
Ground 8 5056 1536
Ground 21 5120 1024
Ground 40 5504 1024
Ground 42 5568 1024
Ground 32 5120 1088
Ground 32 5184 1088
Ground 32 5248 1088
Ground 32 5312 1088
Ground 32 5376 1088
Ground 12 5440 1088
Ground 10 5504 1088
Ground 32 5568 1088
Ground 32 5632 1088
Ground 32 5696 1088
Ground 32 5760 1088
Ground 32 5824 1088
Ground 32 5888 1088
Ground 32 5952 1088
Ground 32 6016 1088
Ground 12 6080 1088
Ground 19 5440 1152
Ground 21 5504 1152
Ground 19 6080 1152
Ground 19 5440 1216
Ground 21 5504 1216
Ground 19 6080 1216
Ground 7 5184 1280
Ground 9 5248 1280
Ground 19 5440 1280
Ground 21 5504 1280
Ground 7 5824 1280
Ground 9 5888 1280
Ground 19 6080 1280
Ground 19 5184 1344
Ground 21 5248 1344
Ground 31 5440 1344
Ground 33 5504 1344
Ground 40 5696 1344
Ground 41 5760 1344
Ground 19 5824 1344
Ground 21 5888 1344
Ground 31 6080 1344
Ground 19 5184 1408
Ground 21 5248 1408
Ground 19 5824 1408
Ground 21 5888 1408
Ground 19 5184 1472
Ground 21 5248 1472
Ground 19 5824 1472
Ground 21 5888 1472
Ground 8 5120 1536
Ground 36 5184 1536
Ground 34 5248 1536
Ground 8 5312 1536
Ground 8 5376 1536
Ground 8 5440 1536
Ground 8 5504 1536
Ground 8 5568 1536
Ground 8 5632 1536
Ground 8 5696 1536
Ground 8 5760 1536
Ground 36 5824 1536
Ground 34 5888 1536
Ground 8 5952 1536
Ground 8 6016 1536
Ground 8 6080 1536
Ground 40 6144 1024
Ground 42 6208 1024
Ground 19 6528 1024
Ground 20 6592 1024
Ground 10 6144 1088
Ground 41 6208 1088
Ground 41 6272 1088
Ground 42 6336 1088
Ground 19 6528 1088
Ground 20 6592 1088
Ground 21 6144 1152
Ground 40 6464 1152
Ground 19 6528 1152
Ground 20 6592 1152
Ground 21 6144 1216
Ground 19 6528 1216
Ground 20 6592 1216
Ground 21 6144 1280
Ground 19 6528 1280
Ground 20 6592 1280
Ground 33 6144 1344
Ground 40 6336 1344
Ground 40 6400 1344
Ground 41 6464 1344
Ground 19 6528 1344
Ground 20 6592 1344
Ground 19 6528 1408
Ground 20 6592 1408
Ground 19 6528 1472
Ground 20 6592 1472
Ground 8 6144 1536
Ground 8 6208 1536
Ground 8 6272 1536
Ground 8 6336 1536
Ground 8 6400 1536
Ground 8 6464 1536
Ground 36 6528 1536
Ground 20 6592 1536
StaticEnemy 43 5568 384
StaticEnemy 43 6016 384
StaticEnemy 43 512 1472
StaticEnemy 43 5760 1024
StaticEnemy 43 5120 1472
StaticEnemy 43 6400 1472
StaticEnemyS 44 5568 320
StaticEnemyS 44 6016 320
StaticEnemyS 44 512 1408
StaticEnemyS 44 5824 1024
StaticEnemyS 44 5888 1024
StaticEnemyS 44 6400 1408
DynamicEnemy 45 128 1344
DynamicEnemy 45 192 1344
DynamicEnemy 45 2368 1344
DynamicEnemy 45 2432 1344
DynamicEnemy 45 2624 1344
DynamicEnemy 45 2688 1344
DynamicEnemy 45 2880 1344
DynamicEnemy 45 2944 1344
Infilator 46 1728 1472
Infilator 46 6080 1024
Defilator 47 4864 1472
Defilator 47 4928 1472
Defilator 47 4992 1472
Defilator 47 5056 1472
CheckPoint 48 5312 1472
Coin 51 5184 256
Coin 51 5184 320
Coin 51 5824 320
Coin 51 5184 704
Coin 51 5824 704
Coin 51 5888 704
Coin 51 5184 960
Coin 51 832 1408
Coin 51 896 1408
Coin 51 1088 1216
Coin 51 1088 1280
Coin 51 1600 1280
Coin 51 2176 1152
Coin 51 2496 1280
Coin 51 2560 1280
Coin 51 2752 1280
Coin 51 2816 1280
Coin 51 3008 1280
Coin 51 3776 1216
Coin 51 3072 1280
Coin 51 3200 1408
Coin 51 4736 1280
Coin 51 4288 1408
Coin 51 5760 1280
Coin 51 5760 1408
Coin 51 6400 1088
Coin 51 6464 1088
EndGameMarker 57 6464 256
